65.50204246
63.28199905
60.13722462
60.13722462
60.13722462
60.13722462
60.13722462
60.13722462
60.13722462
60.13722462
60.13722462
60.13722462
57.99828991
57.99828991
57.99828991
57.99828991
57.99828991
57.99828991
57.99828991
57.99828991
57.99828991
57.99828991
57.99828991
57.99828991
57.99828991
57.99828991
57.99828991
57.99828991
57.99828991
53.5136329
53.5136329
53.5136329
53.5136329
53.5136329
53.5136329
53.5136329
53.5136329
53.5136329
53.5136329
53.5136329
53.5136329
53.5136329
53.5136329
53.5136329
53.5136329
53.5136329
53.5136329
53.5136329
53.5136329
53.5136329
53.5136329
53.5136329
53.5136329
53.5136329
53.5136329
53.5136329
53.5136329
53.5136329
53.5136329
53.5136329
53.5136329
53.5136329
53.5136329
53.5136329
53.5136329
53.5136329
53.5136329
53.5136329
53.5136329
53.5136329
53.5136329
53.5136329
53.5136329
53.5136329
53.5136329
53.5136329
53.5136329
53.5136329
53.5136329
53.5136329
53.5136329
53.5136329
53.5136329
53.5136329
53.5136329
53.5136329
53.5136329
53.5136329
53.5136329
53.5136329
53.5136329
53.5136329
53.5136329
53.02779889
53.02779889
53.02779889
53.02779889
53.02779889
53.02779889
53.02779889
53.02779889
53.02779889
53.02779889
53.02779889
53.02779889
53.02779889
53.02779889
53.02779889
53.02779889
53.02779889
53.02779889
53.02779889
53.02779889
53.02779889
53.02779889
53.02779889
53.02779889
53.02779889
53.02779889
53.02779889
53.02779889
53.02779889
53.02779889
53.02779889
53.02779889
53.02779889
53.02779889
53.02779889
53.02779889
53.02779889
53.02779889
53.02779889
53.02779889
53.02779889
53.02779889
53.02779889
53.02779889
53.02779889
53.02779889
53.02779889
53.02779889
53.02779889
53.02779889
53.02779889
53.02779889
53.02779889
53.02779889
53.02779889
53.02779889
53.02779889
53.02779889
53.02779889
53.02779889
53.02779889
53.02779889
53.02779889
53.02779889
53.02779889
53.02779889
53.02779889
53.02779889
53.02779889
53.02779889
53.02779889
53.02779889
53.02779889
53.02779889
53.02779889
48.56603587
48.56603587
48.56603587
48.56603587
48.56603587
48.56603587
48.56603587
48.56603587
48.54875874
47.31755032
45.2415582
45.2415582
